UMAP1,UMAP2,temp,Cluster,Grid_X,Grid_Y,State,Cluster_Change
-0.33660686,7.279576,200.0,3,-1,0,glassy,False
-0.49816352,7.1255026,200.5,3,-1,0,glassy,False
-0.17914362,7.5012445,201.0,3,-1,0,glassy,False
-0.20003343,7.013801,201.5,3,-1,0,glassy,False
-0.08186744,7.012573,202.0,3,-1,0,glassy,False
-0.21665297,6.919677,202.5,3,-1,0,glassy,False
-0.081474885,7.075689,203.0,3,-1,0,glassy,False
-0.444179,7.215273,203.5,3,-1,0,glassy,False
0.0147312125,7.367637,204.0,3,0,0,glassy,False
-0.17520277,7.6803617,204.5,3,-1,0,glassy,False
-0.53861326,7.453382,205.0,3,-1,0,glassy,False
-0.0051467298,7.371136,205.5,3,-1,0,glassy,False
0.3417652,7.3692603,206.0,3,0,0,glassy,False
0.24085578,7.4574122,206.5,3,0,0,glassy,False
-0.39000735,7.6714716,207.0,3,-1,0,glassy,False
-0.15491289,7.203786,207.5,3,-1,0,glassy,False
-0.6089438,7.46559,208.0,3,-1,0,glassy,False
-0.62884086,7.4059544,208.5,3,-1,0,glassy,False
0.14686617,7.361681,209.0,3,0,0,glassy,False
-5.5222445,-12.718095,209.5,5,-1,-2,rubbery,True
-5.4589467,-12.790498,210.0,5,-1,-2,rubbery,False
-0.1018234,7.3117776,210.5,3,-1,0,glassy,True
-0.49697644,7.404448,211.0,3,-1,0,glassy,False
-0.22253853,7.450777,211.5,3,-1,0,glassy,False
0.021983419,7.1009655,212.0,3,0,0,glassy,False
0.4454092,7.248859,212.5,3,0,0,glassy,False
0.12684476,7.0575466,213.0,3,0,0,glassy,False
0.19375217,7.396528,213.5,3,0,0,glassy,False
0.36465034,7.0725055,214.0,3,0,0,glassy,False
0.13286552,7.08392,214.5,3,0,0,glassy,False
-0.42768013,7.860415,215.0,3,-1,0,glassy,False
-0.6719828,7.281394,215.5,3,-1,0,glassy,False
-0.3596181,7.1566205,216.0,3,-1,0,glassy,False
-5.341017,-12.722725,216.5,5,-1,-2,rubbery,True
-0.6943987,7.2894816,217.0,3,-1,0,glassy,True
-0.39118403,7.258039,217.5,3,-1,0,glassy,False
-0.740766,7.4623375,218.0,3,-1,0,glassy,False
0.019825935,7.8933215,218.5,3,0,0,glassy,False
-5.290495,-12.75879,219.0,5,-1,-2,rubbery,True
-0.3154705,6.9542937,219.5,3,-1,0,glassy,True
-5.4657755,-12.806066,220.0,5,-1,-2,rubbery,True
-5.435833,-12.815572,220.5,5,-1,-2,rubbery,False
-0.77128834,7.3470583,221.0,3,-1,0,glassy,True
0.24646899,7.5541115,221.5,3,0,0,glassy,False
0.22800985,7.3710227,222.0,3,0,0,glassy,False
-5.2919145,-12.788335,222.5,5,-1,-2,rubbery,True
-0.02851391,7.349913,223.0,3,-1,0,glassy,True
-5.372269,-12.82568,223.5,5,-1,-2,rubbery,True
-0.08159601,7.122831,224.0,3,-1,0,glassy,True
-0.31565258,7.112399,224.5,3,-1,0,glassy,False
-0.28692093,7.3086123,225.0,3,-1,0,glassy,False
-0.45954624,6.833945,225.5,3,-1,0,glassy,False
-0.034723558,7.445834,226.0,3,-1,0,glassy,False
-0.043112803,7.251894,226.5,3,-1,0,glassy,False
-0.677743,7.735938,227.0,3,-1,0,glassy,False
-0.17796291,7.6903243,227.5,3,-1,0,glassy,False
-0.3265592,6.978753,228.0,3,-1,0,glassy,False
-0.50812066,6.748923,228.5,3,-1,0,glassy,False
0.33163014,7.743759,229.0,3,0,0,glassy,False
-0.33518788,7.4916487,229.5,3,-1,0,glassy,False
-5.5335774,-12.747977,230.0,5,-1,-2,rubbery,True
-5.384412,-12.679077,230.5,5,-1,-2,rubbery,False
-5.557404,-12.688845,231.0,5,-1,-2,rubbery,False
-5.5335793,-12.706033,231.5,5,-1,-2,rubbery,False
-5.5267115,-12.6234865,232.0,5,-1,-2,rubbery,False
-5.4551425,-12.7764435,232.5,5,-1,-2,rubbery,False
-0.091648996,7.273314,233.0,3,-1,0,glassy,True
-0.7382389,7.754633,233.5,3,-1,0,glassy,False
-0.61837417,7.2381997,234.0,3,-1,0,glassy,False
-5.70814,-12.527919,234.5,5,-1,-2,rubbery,True
-5.5642033,-12.61295,235.0,5,-1,-2,rubbery,False
-0.64117277,7.7038145,235.5,3,-1,0,glassy,True
-0.5283804,7.663275,236.0,3,-1,0,glassy,False
-0.19352464,6.5607843,236.5,3,-1,0,glassy,False
-0.7473174,7.6332593,237.0,3,-1,0,glassy,False
-0.50947815,7.6383195,237.5,3,-1,0,glassy,False
-5.647164,-12.815144,238.0,5,-1,-2,rubbery,True
-0.27368587,8.133596,238.5,3,-1,0,glassy,True
-0.69353104,7.6218367,239.0,3,-1,0,glassy,False
-0.17584233,7.7854185,239.5,3,-1,0,glassy,False
0.9708847,6.2022552,240.0,3,0,0,glassy,False
-4.9002895,-12.586793,240.5,5,-1,-2,rubbery,True
-4.6859393,-12.554088,241.0,5,-1,-2,rubbery,False
-4.25093,-12.49212,241.5,5,-1,-2,rubbery,False
1.2922672,5.942331,242.0,3,0,0,glassy,True
1.3456848,6.2205205,242.5,3,0,0,glassy,False
1.3947008,5.9406056,243.0,3,0,0,glassy,False
1.3847837,5.8580294,243.5,3,0,0,glassy,False
1.3004073,5.875005,244.0,3,0,0,glassy,False
1.2124677,5.9224696,244.5,3,0,0,glassy,False
-4.5001187,-12.47043,245.0,5,-1,-2,rubbery,True
1.2222713,5.759041,245.5,3,0,0,glassy,True
-4.60004,-12.708916,246.0,5,-1,-2,rubbery,True
0.76875657,6.8489604,246.5,3,0,0,glassy,True
-4.4151917,-12.532471,247.0,5,-1,-2,rubbery,True
-4.4632797,-12.597214,247.5,5,-1,-2,rubbery,False
-4.743887,-12.519491,248.0,5,-1,-2,rubbery,False
1.1516443,5.9295363,248.5,3,0,0,glassy,True
1.319189,5.857864,249.0,3,0,0,glassy,False
1.2334542,6.0775685,249.5,3,0,0,glassy,False
-4.6415005,-12.472566,250.0,5,-1,-2,rubbery,True
-4.734677,-12.271971,250.5,5,-1,-2,rubbery,False
0.9810952,5.9500074,251.0,3,0,0,glassy,True
1.146301,6.0859246,251.5,3,0,0,glassy,False
0.91443497,6.149882,252.0,3,0,0,glassy,False
1.0828007,6.066606,252.5,3,0,0,glassy,False
0.79518837,6.0437474,253.0,3,0,0,glassy,False
-5.037709,-12.553226,253.5,5,-1,-2,rubbery,True
1.0330911,6.140904,254.0,3,0,0,glassy,True
-5.09728,-12.333341,254.5,5,-1,-2,rubbery,True
0.67937064,6.173643,255.0,3,0,0,glassy,True
0.85955954,5.9589305,255.5,3,0,0,glassy,False
0.20152965,6.6411834,256.0,3,0,0,glassy,False
-0.19923525,6.849341,256.5,3,-1,0,glassy,False
-0.772175,6.968845,257.0,3,-1,0,glassy,False
-5.02087,-12.69081,257.5,5,-1,-2,rubbery,True
-5.085769,-12.434186,258.0,5,-1,-2,rubbery,False
0.2390926,6.535471,258.5,3,0,0,glassy,True
-5.0350223,-12.388937,259.0,5,-1,-2,rubbery,True
0.08091578,6.6090574,259.5,3,0,0,glassy,True
1.0836434,5.9844995,260.0,3,0,0,glassy,False
0.99397874,6.3748918,260.5,3,0,0,glassy,False
1.0423222,5.9036,261.0,3,0,0,glassy,False
0.40254784,6.3316493,261.5,3,0,0,glassy,False
0.9813459,6.3515697,262.0,3,0,0,glassy,False
1.1549603,5.974205,262.5,3,0,0,glassy,False
-4.583628,-12.445891,263.0,5,-1,-2,rubbery,True
-4.2930775,-12.467308,263.5,5,-1,-2,rubbery,False
-4.42066,-12.445082,264.0,5,-1,-2,rubbery,False
-4.312343,-12.428604,264.5,5,-1,-2,rubbery,False
-4.639518,-12.523381,265.0,5,-1,-2,rubbery,False
-4.6292267,-12.33958,265.5,5,-1,-2,rubbery,False
-4.330157,-12.363191,266.0,5,-1,-2,rubbery,False
-4.941713,-12.505751,266.5,5,-1,-2,rubbery,False
-4.7705097,-12.612415,267.0,5,-1,-2,rubbery,False
1.1539192,6.1610713,267.5,3,0,0,glassy,True
-5.1445403,-12.897862,268.0,5,-1,-2,rubbery,True
0.66118634,6.3029017,268.5,3,0,0,glassy,True
1.0594466,6.432978,269.0,3,0,0,glassy,False
-4.9488373,-12.917061,269.5,5,-1,-2,rubbery,True
-4.5364485,-12.638364,270.0,5,-1,-2,rubbery,False
-5.1257515,-12.743338,270.5,5,-1,-2,rubbery,False
-4.7484455,-12.249622,271.0,5,-1,-2,rubbery,False
-4.7325497,-12.168843,271.5,5,-1,-2,rubbery,False
-4.6127324,-12.197751,272.0,5,-1,-2,rubbery,False
-4.5397725,-12.3315,272.5,5,-1,-2,rubbery,False
0.8592661,6.0655637,273.0,3,0,0,glassy,True
-4.615322,-12.22164,273.5,5,-1,-2,rubbery,True
-4.5424843,-12.301402,274.0,5,-1,-2,rubbery,False
-4.8562307,-12.194552,274.5,5,-1,-2,rubbery,False
-4.6450305,-12.148935,275.0,5,-1,-2,rubbery,False
-4.623116,-12.3059,275.5,5,-1,-2,rubbery,False
1.412508,5.799536,276.0,3,0,0,glassy,True
-4.240337,-12.39878,276.5,5,-1,-2,rubbery,True
-4.9721694,-12.892942,277.0,5,-1,-2,rubbery,False
0.9465784,6.414219,277.5,3,0,0,glassy,True
0.7071824,6.932921,278.0,3,0,0,glassy,False
-5.1001096,-12.766553,278.5,5,-1,-2,rubbery,True
-5.528368,-12.671992,279.0,5,-1,-2,rubbery,False
-5.319944,-12.9688835,279.5,5,-1,-2,rubbery,False
0.9009473,5.982794,280.0,3,0,0,glassy,True
0.8775222,6.5073233,280.5,3,0,0,glassy,False
0.87078464,6.5560417,281.0,3,0,0,glassy,False
-5.0148683,-12.855487,281.5,5,-1,-2,rubbery,True
-4.7414427,-12.713963,282.0,5,-1,-2,rubbery,False
-5.248434,-12.968934,282.5,5,-1,-2,rubbery,False
0.5953552,7.1697006,283.0,3,0,0,glassy,True
0.19467056,6.868751,283.5,3,0,0,glassy,False
0.3411625,6.9244094,284.0,3,0,0,glassy,False
0.3985536,7.042349,284.5,3,0,0,glassy,False
0.17218077,6.7075973,285.0,3,0,0,glassy,False
-0.55279094,7.1815534,285.5,3,-1,0,glassy,False
0.15598279,6.6820154,286.0,3,0,0,glassy,False
0.029337266,6.619549,286.5,3,0,0,glassy,False
0.48963165,6.8948684,287.0,3,0,0,glassy,False
0.09263072,6.807039,287.5,3,0,0,glassy,False
0.32045567,6.761311,288.0,3,0,0,glassy,False
1.3144066,5.911875,288.5,3,0,0,glassy,False
1.0513445,6.050369,289.0,3,0,0,glassy,False
1.270149,6.051369,289.5,3,0,0,glassy,False
0.4524619,7.7825537,290.0,3,0,0,glassy,False
-0.30770773,6.9184456,290.5,3,-1,0,glassy,False
0.52560586,8.252115,291.0,3,0,0,glassy,False
0.33507532,7.7680783,291.5,3,0,0,glassy,False
0.5487029,7.7208314,292.0,3,0,0,glassy,False
-0.8277609,7.576425,292.5,3,-1,0,glassy,False
0.27471274,7.7098894,293.0,3,0,0,glassy,False
-0.25861454,7.505806,293.5,3,-1,0,glassy,False
-0.88511544,7.4341097,294.0,3,-1,0,glassy,False
0.783182,7.8806963,294.5,3,0,0,glassy,False
-0.36667383,7.796462,295.0,3,-1,0,glassy,False
-0.82129437,7.8851714,295.5,3,-1,0,glassy,False
-0.44176263,7.7059674,296.0,3,-1,0,glassy,False
-0.27147067,7.105526,296.5,3,-1,0,glassy,False
-0.6489284,6.5465093,297.0,3,-1,0,glassy,False
0.3621096,7.59948,297.5,3,0,0,glassy,False
-0.2600348,7.7866397,298.0,3,-1,0,glassy,False
-0.49163863,6.7278666,298.5,3,-1,0,glassy,False
0.07685427,7.2625947,299.0,3,0,0,glassy,False
-0.1261328,7.3844647,299.5,3,-1,0,glassy,False
1.2722547,8.184501,300.0,3,0,0,glassy,False
0.9162334,8.345709,300.5,3,0,0,glassy,False
1.0486026,8.320307,301.0,3,0,0,glassy,False
1.1062292,8.259214,301.5,3,0,0,glassy,False
1.294053,8.244586,302.0,3,0,0,glassy,False
1.2786484,7.9811635,302.5,3,0,0,glassy,False
1.1957529,8.279293,303.0,3,0,0,glassy,False
1.1001319,7.7793064,303.5,3,0,0,glassy,False
1.0164756,8.348853,304.0,3,0,0,glassy,False
1.2673934,8.241245,304.5,3,0,0,glassy,False
1.2224864,8.079215,305.0,3,0,0,glassy,False
0.88501215,8.408981,305.5,3,0,0,glassy,False
0.7319402,8.2899065,306.0,3,0,0,glassy,False
0.8514417,8.05666,306.5,3,0,0,glassy,False
1.3777214,8.314205,307.0,3,0,0,glassy,False
0.6310672,7.8765855,307.5,3,0,0,glassy,False
-0.112743616,7.9560003,308.0,3,-1,0,glassy,False
-0.040426973,7.6983294,308.5,3,-1,0,glassy,False
0.4283677,7.992542,309.0,3,0,0,glassy,False
0.82956845,7.6535106,309.5,3,0,0,glassy,False
-0.2084301,7.2817574,310.0,3,-1,0,glassy,False
1.0065907,7.7550383,310.5,3,0,0,glassy,False
-0.68428916,7.2001886,311.0,3,-1,0,glassy,False
1.0047219,8.129227,311.5,3,0,0,glassy,False
0.9971769,7.808539,312.0,3,0,0,glassy,False
0.19475389,8.466338,312.5,3,0,0,glassy,False
1.1180516,7.9023685,313.0,3,0,0,glassy,False
0.9108394,8.398393,313.5,3,0,0,glassy,False
0.67316234,8.204635,314.0,3,0,0,glassy,False
0.38091204,7.483702,314.5,3,0,0,glassy,False
1.0426277,7.77482,315.0,3,0,0,glassy,False
1.166341,8.044948,315.5,3,0,0,glassy,False
1.0293078,8.2444935,316.0,3,0,0,glassy,False
1.1396447,7.8740945,316.5,3,0,0,glassy,False
0.8422175,8.021845,317.0,3,0,0,glassy,False
0.79001355,8.164871,317.5,3,0,0,glassy,False
1.282848,7.9900837,318.0,3,0,0,glassy,False
0.8410452,7.692227,318.5,3,0,0,glassy,False
0.88548326,8.162598,319.0,3,0,0,glassy,False
1.3535725,7.97558,319.5,3,0,0,glassy,False
1.1912763,8.559772,320.0,3,0,0,glassy,False
1.1397811,8.678399,320.5,3,0,0,glassy,False
1.0653111,8.783435,321.0,3,0,0,glassy,False
1.3058649,8.588082,321.5,3,0,0,glassy,False
1.2734478,8.584541,322.0,3,0,0,glassy,False
1.2112945,8.628327,322.5,3,0,0,glassy,False
1.2490536,8.659608,323.0,3,0,0,glassy,False
1.1718016,8.778613,323.5,3,0,0,glassy,False
-4.616946,-12.839766,324.0,5,-1,-2,rubbery,True
-4.879751,-13.024163,324.5,5,-1,-2,rubbery,False
1.0575608,6.6625757,325.0,3,0,0,glassy,True
0.98298436,8.644557,325.5,3,0,0,glassy,False
0.88774145,8.684506,326.0,3,0,0,glassy,False
0.87997794,8.529194,326.5,3,0,0,glassy,False
1.2458061,8.650841,327.0,3,0,0,glassy,False
1.4378144,8.261557,327.5,3,0,0,glassy,False
1.4762999,8.346753,328.0,3,0,0,glassy,False
1.4818368,8.257116,328.5,3,0,0,glassy,False
1.6138512,8.267566,329.0,3,0,0,glassy,False
1.4638758,8.358155,329.5,3,0,0,glassy,False
0.307365,9.075302,330.0,3,0,0,glassy,False
0.35114908,9.012037,330.5,3,0,0,glassy,False
0.23919144,8.958483,331.0,3,0,0,glassy,False
0.27443808,9.061809,331.5,3,0,0,glassy,False
0.4897766,8.742176,332.0,3,0,0,glassy,False
0.3301951,9.058776,332.5,3,0,0,glassy,False
0.5670364,8.9082155,333.0,3,0,0,glassy,False
0.31233943,9.125356,333.5,3,0,0,glassy,False
0.30207926,9.116937,334.0,3,0,0,glassy,False
0.17901586,9.012478,334.5,3,0,0,glassy,False
0.037027,8.72935,335.0,3,0,0,glassy,False
0.22752121,9.08295,335.5,3,0,0,glassy,False
0.12885505,8.420104,336.0,3,0,0,glassy,False
0.046201132,8.899784,336.5,3,0,0,glassy,False
0.15880977,9.053362,337.0,3,0,0,glassy,False
0.093745306,8.955514,337.5,3,0,0,glassy,False
0.10047834,8.863454,338.0,3,0,0,glassy,False
0.19182888,8.993922,338.5,3,0,0,glassy,False
0.24028853,9.106532,339.0,3,0,0,glassy,False
-0.038019303,8.880581,339.5,3,-1,0,glassy,False
0.16405644,3.5424645,340.0,4,0,0,rubbery,True
0.0126056615,3.7427676,340.5,4,0,0,rubbery,False
0.11334715,3.7410066,341.0,4,0,0,rubbery,False
0.04958968,3.9819052,341.5,4,0,0,rubbery,False
0.40283087,3.8801713,342.0,4,0,0,rubbery,False
0.43598965,3.7457151,342.5,4,0,0,rubbery,False
-0.12599196,4.145588,343.0,4,-1,0,rubbery,False
0.12525927,3.6341674,343.5,4,0,0,rubbery,False
-0.16159698,4.2737246,344.0,4,-1,0,rubbery,False
0.6599014,4.0901523,344.5,4,0,0,rubbery,False
-0.00027231633,4.303697,345.0,4,-1,0,rubbery,False
0.032450795,4.3958216,345.5,4,0,0,rubbery,False
0.16233999,4.365397,346.0,4,0,0,rubbery,False
0.15401608,4.6397376,346.5,4,0,0,rubbery,False
0.034616362,4.208261,347.0,4,0,0,rubbery,False
0.38718086,3.9357357,347.5,4,0,0,rubbery,False
0.4464148,3.9284847,348.0,4,0,0,rubbery,False
0.060875326,3.6792083,348.5,4,0,0,rubbery,False
0.19622748,3.785742,349.0,4,0,0,rubbery,False
0.32007912,3.6455498,349.5,4,0,0,rubbery,False
0.07375066,4.088189,350.0,4,0,0,rubbery,False
0.049483042,4.225682,350.5,4,0,0,rubbery,False
0.2921495,3.8586311,351.0,4,0,0,rubbery,False
-0.055108473,3.9325414,351.5,4,-1,0,rubbery,False
0.4738918,3.7245512,352.0,4,0,0,rubbery,False
0.28883353,3.5768108,352.5,4,0,0,rubbery,False
0.4459558,3.592581,353.0,4,0,0,rubbery,False
0.50825924,3.756568,353.5,4,0,0,rubbery,False
0.08491015,4.272014,354.0,4,0,0,rubbery,False
0.28374055,3.895469,354.5,4,0,0,rubbery,False
0.47985676,3.8098826,355.0,4,0,0,rubbery,False
0.41557488,3.5508149,355.5,4,0,0,rubbery,False
0.111557074,3.786829,356.0,4,0,0,rubbery,False
0.22415738,4.0497894,356.5,4,0,0,rubbery,False
0.6542339,3.7577727,357.0,4,0,0,rubbery,False
0.53475183,4.3584003,357.5,4,0,0,rubbery,False
0.26138106,4.04528,358.0,4,0,0,rubbery,False
0.05347607,4.1649413,358.5,4,0,0,rubbery,False
0.37857702,3.5246317,359.0,4,0,0,rubbery,False
0.326565,3.967537,359.5,4,0,0,rubbery,False
0.34213123,3.5428557,360.0,4,0,0,rubbery,False
0.53628325,3.463906,360.5,4,0,0,rubbery,False
-0.123201706,4.063661,361.0,4,-1,0,rubbery,False
0.08051071,4.19531,361.5,4,0,0,rubbery,False
0.34874308,3.515875,362.0,4,0,0,rubbery,False
-0.113529876,3.9626486,362.5,4,-1,0,rubbery,False
0.4099212,3.5119617,363.0,4,0,0,rubbery,False
0.38271546,3.430632,363.5,4,0,0,rubbery,False
0.47640505,3.6892085,364.0,4,0,0,rubbery,False
0.21133941,3.5054605,364.5,4,0,0,rubbery,False
0.53794086,3.3463488,365.0,4,0,0,rubbery,False
0.41990855,3.3510432,365.5,4,0,0,rubbery,False
0.44944495,3.4017253,366.0,4,0,0,rubbery,False
0.30041882,3.3794596,366.5,4,0,0,rubbery,False
0.20749994,3.413124,367.0,4,0,0,rubbery,False
0.48402852,3.4129534,367.5,4,0,0,rubbery,False
0.31463042,3.3018782,368.0,4,0,0,rubbery,False
0.3836949,3.3151572,368.5,4,0,0,rubbery,False
4.5353813,-30.391144,369.0,1,0,-4,rubbery,False
0.13782063,3.4969268,369.5,4,0,0,rubbery,False
4.420078,-30.538036,370.0,1,0,-4,rubbery,False
4.318041,-30.565092,370.5,1,0,-4,rubbery,False
4.4086013,-30.521381,371.0,1,0,-4,rubbery,False
4.3530846,-30.539837,371.5,1,0,-4,rubbery,False
4.299681,-30.270979,372.0,1,0,-4,rubbery,False
4.4377484,-30.408592,372.5,1,0,-4,rubbery,False
4.297447,-30.260569,373.0,1,0,-4,rubbery,False
4.34618,-30.355045,373.5,1,0,-4,rubbery,False
4.350299,-30.482208,374.0,1,0,-4,rubbery,False
4.413108,-30.67807,374.5,1,0,-4,rubbery,False
4.4434233,-30.77961,375.0,1,0,-4,rubbery,False
4.415607,-30.601337,375.5,1,0,-4,rubbery,False
4.381637,-30.705017,376.0,1,0,-4,rubbery,False
4.451337,-30.633896,376.5,1,0,-4,rubbery,False
4.3692417,-30.754692,377.0,1,0,-4,rubbery,False
4.5094776,-30.554375,377.5,1,0,-4,rubbery,False
4.325228,-30.80916,378.0,1,0,-4,rubbery,False
4.5044346,-30.781866,378.5,1,0,-4,rubbery,False
4.4303646,-30.636337,379.0,1,0,-4,rubbery,False
4.4682364,-30.791761,379.5,1,0,-4,rubbery,False
4.3624015,-30.973186,380.0,1,0,-4,rubbery,False
4.387257,-31.145184,380.5,1,0,-4,rubbery,False
4.414576,-31.171629,381.0,1,0,-4,rubbery,False
4.4092007,-31.26835,381.5,1,0,-4,rubbery,False
4.3278713,-31.292412,382.0,1,0,-4,rubbery,False
4.4210696,-31.39502,382.5,1,0,-4,rubbery,False
4.3916802,-31.666456,383.0,1,0,-4,rubbery,False
4.4088964,-31.923124,383.5,1,0,-4,rubbery,False
4.3572145,-32.010895,384.0,1,0,-4,rubbery,False
4.365529,-31.968594,384.5,1,0,-4,rubbery,False
4.3967857,-31.780678,385.0,1,0,-4,rubbery,False
4.376288,-31.87588,385.5,1,0,-4,rubbery,False
4.3782635,-31.8564,386.0,1,0,-4,rubbery,False
4.3751683,-31.771706,386.5,1,0,-4,rubbery,False
4.3245506,-32.079514,387.0,1,0,-4,rubbery,False
4.399386,-32.036716,387.5,1,0,-4,rubbery,False
4.3454943,-32.181606,388.0,1,0,-4,rubbery,False
4.301545,-32.419884,388.5,1,0,-4,rubbery,False
4.44212,-32.178417,389.0,1,0,-4,rubbery,False
4.3777223,-32.005592,389.5,1,0,-4,rubbery,False
4.29619,-32.836166,390.0,1,0,-4,rubbery,False
4.3120065,-32.550747,390.5,1,0,-4,rubbery,False
4.2665577,-32.88036,391.0,1,0,-4,rubbery,False
4.315545,-32.87798,391.5,1,0,-4,rubbery,False
4.378048,-32.829975,392.0,1,0,-4,rubbery,False
4.3062057,-32.832275,392.5,1,0,-4,rubbery,False
4.281627,-32.972843,393.0,1,0,-4,rubbery,False
4.2291784,-33.003876,393.5,1,0,-4,rubbery,False
4.229837,-32.85945,394.0,1,0,-4,rubbery,False
4.273623,-33.154488,394.5,1,0,-4,rubbery,False
4.275647,-32.84465,395.0,1,0,-4,rubbery,False
4.232515,-33.212337,395.5,1,0,-4,rubbery,False
4.228868,-33.04058,396.0,1,0,-4,rubbery,False
4.293132,-33.054543,396.5,1,0,-4,rubbery,False
4.3157487,-33.272858,397.0,1,0,-4,rubbery,False
4.166981,-33.107773,397.5,1,0,-4,rubbery,False
4.1073766,-33.052944,398.0,1,0,-4,rubbery,False
4.240763,-33.07884,398.5,1,0,-4,rubbery,False
4.0630894,-33.288124,399.0,1,0,-4,rubbery,False
4.0426173,-33.41603,399.5,1,0,-4,rubbery,False
4.045714,-33.122475,400.0,1,0,-4,rubbery,False
4.3415666,-33.52644,400.5,1,0,-4,rubbery,False
4.3675117,-33.81321,401.0,1,0,-4,rubbery,False
4.396013,-33.873585,401.5,1,0,-4,rubbery,False
4.2733946,-33.888844,402.0,1,0,-4,rubbery,False
4.3957205,-33.825996,402.5,1,0,-4,rubbery,False
4.4831347,-33.844185,403.0,1,0,-4,rubbery,False
4.3880625,-33.973408,403.5,1,0,-4,rubbery,False
4.375063,-33.9432,404.0,1,0,-4,rubbery,False
4.3656497,-33.954865,404.5,1,0,-4,rubbery,False
4.265458,-33.979946,405.0,1,0,-4,rubbery,False
4.394295,-33.940536,405.5,1,0,-4,rubbery,False
4.2779546,-33.999615,406.0,1,0,-4,rubbery,False
4.164304,-34.171318,406.5,1,0,-4,rubbery,False
4.3298492,-33.991093,407.0,1,0,-4,rubbery,False
4.3272853,-33.878376,407.5,1,0,-4,rubbery,False
4.046606,-34.21159,408.0,1,0,-4,rubbery,False
4.127329,-34.1279,408.5,1,0,-4,rubbery,False
3.9991624,-34.27477,409.0,1,0,-4,rubbery,False
4.187197,-33.734985,409.5,1,0,-4,rubbery,False
3.6462588,-34.8045,410.0,1,0,-4,rubbery,False
3.7345355,-34.671886,410.5,1,0,-4,rubbery,False
3.621554,-34.843,411.0,1,0,-4,rubbery,False
3.6182659,-34.788403,411.5,1,0,-4,rubbery,False
3.5859225,-34.87682,412.0,1,0,-4,rubbery,False
3.5651274,-34.83805,412.5,1,0,-4,rubbery,False
3.5051668,-35.01685,413.0,1,0,-4,rubbery,False
3.4443338,-35.118774,413.5,1,0,-4,rubbery,False
3.50765,-35.028294,414.0,1,0,-4,rubbery,False
3.4558952,-35.128483,414.5,1,0,-4,rubbery,False
3.3910992,-35.204002,415.0,1,0,-4,rubbery,False
3.4860804,-35.12917,415.5,1,0,-4,rubbery,False
3.420086,-35.174507,416.0,1,0,-4,rubbery,False
3.3484674,-35.31934,416.5,1,0,-4,rubbery,False
3.3453176,-35.29602,417.0,1,0,-4,rubbery,False
3.2887223,-35.37202,417.5,1,0,-4,rubbery,False
3.1668255,-35.68515,418.0,1,0,-4,rubbery,False
3.2333016,-35.579056,418.5,1,0,-4,rubbery,False
3.252411,-35.422443,419.0,1,0,-4,rubbery,False
3.240964,-35.45445,419.5,1,0,-4,rubbery,False
3.0400658,-35.996464,420.0,2,0,-4,rubbery,False
2.9874308,-36.10993,420.5,2,0,-4,rubbery,False
2.898109,-36.277233,421.0,2,0,-4,rubbery,False
2.9581916,-36.176094,421.5,2,0,-4,rubbery,False
2.8549368,-36.278927,422.0,2,0,-4,rubbery,False
2.9020622,-36.25587,422.5,2,0,-4,rubbery,False
2.727289,-36.511703,423.0,2,0,-4,rubbery,False
2.81437,-36.4092,423.5,2,0,-4,rubbery,False
2.8218558,-36.414707,424.0,2,0,-4,rubbery,False
2.8739464,-36.328606,424.5,2,0,-4,rubbery,False
2.8368442,-36.361916,425.0,2,0,-4,rubbery,False
2.7775013,-36.50229,425.5,2,0,-4,rubbery,False
2.8522766,-36.321114,426.0,2,0,-4,rubbery,False
2.632723,-36.78378,426.5,2,0,-4,rubbery,False
2.626282,-36.74026,427.0,2,0,-4,rubbery,False
2.4762108,-37.031796,427.5,2,0,-4,rubbery,False
2.534269,-36.985004,428.0,2,0,-4,rubbery,False
2.5162294,-37.003204,428.5,2,0,-4,rubbery,False
2.5178616,-36.99426,429.0,2,0,-4,rubbery,False
2.6010847,-36.959023,429.5,2,0,-4,rubbery,False
2.4448974,-37.117065,430.0,2,0,-4,rubbery,False
2.3776202,-37.16666,430.5,2,0,-4,rubbery,False
2.4190605,-37.193604,431.0,2,0,-4,rubbery,False
2.453948,-37.091797,431.5,2,0,-4,rubbery,False
2.5289283,-37.066433,432.0,2,0,-4,rubbery,False
2.3297179,-37.222095,432.5,2,0,-4,rubbery,False
2.4377315,-37.15745,433.0,2,0,-4,rubbery,False
2.2458131,-37.36426,433.5,2,0,-4,rubbery,False
2.294393,-37.303547,434.0,2,0,-4,rubbery,False
2.2506545,-37.34645,434.5,2,0,-4,rubbery,False
2.206466,-37.404766,435.0,2,0,-4,rubbery,False
2.2105236,-37.391262,435.5,2,0,-4,rubbery,False
2.2015662,-37.404903,436.0,2,0,-4,rubbery,False
2.1488504,-37.45727,436.5,2,0,-4,rubbery,False
2.154422,-37.442078,437.0,2,0,-4,rubbery,False
2.1609733,-37.433983,437.5,2,0,-4,rubbery,False
2.1937096,-37.41009,438.0,2,0,-4,rubbery,False
2.2871907,-37.311924,438.5,2,0,-4,rubbery,False
2.1802468,-37.364845,439.0,2,0,-4,rubbery,False
2.1432562,-37.44654,439.5,2,0,-4,rubbery,False
12.884206,13.249577,440.0,0,1,1,rubbery,False
12.920601,13.198016,440.5,0,1,1,rubbery,False
12.752757,13.362634,441.0,0,1,1,rubbery,False
12.828278,13.303633,441.5,0,1,1,rubbery,False
12.818813,13.311865,442.0,0,1,1,rubbery,False
12.791122,13.313078,442.5,0,1,1,rubbery,False
12.85868,13.279922,443.0,0,1,1,rubbery,False
12.838187,13.275019,443.5,0,1,1,rubbery,False
12.71454,13.180923,444.0,0,1,1,rubbery,False
12.824277,13.2777,444.5,0,1,1,rubbery,False
12.779417,13.291808,445.0,0,1,1,rubbery,False
12.747977,13.252258,445.5,0,1,1,rubbery,False
12.684872,13.202158,446.0,0,1,1,rubbery,False
12.744301,13.316681,446.5,0,1,1,rubbery,False
12.704752,13.244961,447.0,0,1,1,rubbery,False
12.7249365,13.359819,447.5,0,1,1,rubbery,False
12.663313,13.212172,448.0,0,1,1,rubbery,False
12.481296,13.215612,448.5,0,1,1,rubbery,False
12.433444,13.263824,449.0,0,1,1,rubbery,False
12.391575,13.289803,449.5,0,1,1,rubbery,False
10.216383,13.674969,450.0,0,1,1,rubbery,False
10.280802,13.64637,450.5,0,1,1,rubbery,False
10.371809,13.609647,451.0,0,1,1,rubbery,False
10.523426,13.5863,451.5,0,1,1,rubbery,False
10.570249,13.484659,452.0,0,1,1,rubbery,False
10.360869,13.651687,452.5,0,1,1,rubbery,False
10.287319,13.616848,453.0,0,1,1,rubbery,False
10.392754,13.57426,453.5,0,1,1,rubbery,False
10.561605,13.476763,454.0,0,1,1,rubbery,False
10.5284605,13.5775385,454.5,0,1,1,rubbery,False
10.525155,13.521395,455.0,0,1,1,rubbery,False
10.516476,13.48766,455.5,0,1,1,rubbery,False
10.557229,13.521099,456.0,0,1,1,rubbery,False
10.587289,13.537401,456.5,0,1,1,rubbery,False
10.488144,13.521059,457.0,0,1,1,rubbery,False
10.471129,13.552624,457.5,0,1,1,rubbery,False
10.676579,13.385513,458.0,0,1,1,rubbery,False
10.474129,13.511315,458.5,0,1,1,rubbery,False
10.320737,13.422457,459.0,0,1,1,rubbery,False
10.266098,13.572285,459.5,0,1,1,rubbery,False
9.870057,13.705148,460.0,0,0,1,rubbery,False
9.882145,13.688957,460.5,0,0,1,rubbery,False
9.737655,13.753895,461.0,0,0,1,rubbery,False
9.8839035,13.726663,461.5,0,0,1,rubbery,False
9.953182,13.667342,462.0,0,0,1,rubbery,False
9.654408,13.744628,462.5,0,0,1,rubbery,False
9.512358,13.798022,463.0,0,0,1,rubbery,False
9.582388,13.833857,463.5,0,0,1,rubbery,False
9.420591,13.828581,464.0,0,0,1,rubbery,False
9.350639,13.806227,464.5,0,0,1,rubbery,False
9.301735,13.821949,465.0,0,0,1,rubbery,False
9.281718,13.845697,465.5,0,0,1,rubbery,False
9.195644,13.81486,466.0,0,0,1,rubbery,False
9.121198,13.812221,466.5,0,0,1,rubbery,False
9.0231085,13.846689,467.0,0,0,1,rubbery,False
9.217521,13.889136,467.5,0,0,1,rubbery,False
9.066239,13.884126,468.0,0,0,1,rubbery,False
9.187514,13.911728,468.5,0,0,1,rubbery,False
9.11037,13.857674,469.0,0,0,1,rubbery,False
9.214631,13.824699,469.5,0,0,1,rubbery,False
8.84404,13.861601,470.0,0,0,1,rubbery,False
8.784862,13.842604,470.5,0,0,1,rubbery,False
8.719287,13.788428,471.0,0,0,1,rubbery,False
8.657589,13.817695,471.5,0,0,1,rubbery,False
8.423343,13.799608,472.0,0,0,1,rubbery,False
8.499522,13.815488,472.5,0,0,1,rubbery,False
8.311945,13.813116,473.0,0,0,1,rubbery,False
8.318471,13.726812,473.5,0,0,1,rubbery,False
8.155956,13.8652115,474.0,0,0,1,rubbery,False
8.235423,13.828892,474.5,0,0,1,rubbery,False
8.186124,13.81108,475.0,0,0,1,rubbery,False
8.219824,13.891625,475.5,0,0,1,rubbery,False
8.164939,13.883228,476.0,0,0,1,rubbery,False
8.174461,13.749711,476.5,0,0,1,rubbery,False
8.207848,13.877728,477.0,0,0,1,rubbery,False
8.031264,13.921194,477.5,0,0,1,rubbery,False
8.158492,13.830057,478.0,0,0,1,rubbery,False
8.122838,13.825831,478.5,0,0,1,rubbery,False
8.068813,13.86682,479.0,0,0,1,rubbery,False
8.07202,13.8661585,479.5,0,0,1,rubbery,False
6.9181795,14.763342,480.0,0,0,1,rubbery,False
6.819791,14.841411,480.5,0,0,1,rubbery,False
6.6298633,15.012318,481.0,0,0,1,rubbery,False
6.6835604,14.95882,481.5,0,0,1,rubbery,False
6.699851,14.941622,482.0,0,0,1,rubbery,False
6.693352,14.949879,482.5,0,0,1,rubbery,False
6.641908,15.002441,483.0,0,0,1,rubbery,False
6.6547313,14.98769,483.5,0,0,1,rubbery,False
6.6404967,15.001291,484.0,0,0,1,rubbery,False
6.6008472,15.043602,484.5,0,0,1,rubbery,False
6.5785336,15.067344,485.0,0,0,1,rubbery,False
6.577566,15.066187,485.5,0,0,1,rubbery,False
6.523345,15.121194,486.0,0,0,1,rubbery,False
6.561992,15.080625,486.5,0,0,1,rubbery,False
6.6164465,15.026849,487.0,0,0,1,rubbery,False
6.4476314,15.203978,487.5,0,0,1,rubbery,False
6.4163938,15.239942,488.0,0,0,1,rubbery,False
6.4399347,15.222131,488.5,0,0,1,rubbery,False
6.468796,15.1838045,489.0,0,0,1,rubbery,False
6.379424,15.283526,489.5,0,0,1,rubbery,False
6.033823,15.773296,490.0,0,0,1,rubbery,False
6.026306,15.652114,490.5,0,0,1,rubbery,False
6.1211114,15.578621,491.0,0,0,1,rubbery,False
6.2229047,15.46853,491.5,0,0,1,rubbery,False
6.0636873,15.631982,492.0,0,0,1,rubbery,False
6.0082593,15.65601,492.5,0,0,1,rubbery,False
6.000779,15.670765,493.0,0,0,1,rubbery,False
5.931863,15.742421,493.5,0,0,1,rubbery,False
5.882982,15.812744,494.0,0,0,1,rubbery,False
5.9249706,15.724288,494.5,0,0,1,rubbery,False
5.794788,15.843049,495.0,0,0,1,rubbery,False
5.777655,15.835253,495.5,0,0,1,rubbery,False
5.829886,15.810416,496.0,0,0,1,rubbery,False
5.8216505,15.87468,496.5,0,0,1,rubbery,False
5.8052487,15.821824,497.0,0,0,1,rubbery,False
5.7326493,15.887464,497.5,0,0,1,rubbery,False
5.781187,15.84984,498.0,0,0,1,rubbery,False
5.810376,15.845964,498.5,0,0,1,rubbery,False
5.69921,15.901482,499.0,0,0,1,rubbery,False
5.7246027,15.89093,499.5,0,0,1,rubbery,False
5.403268,15.777027,500.0,0,0,1,rubbery,False
